5366688354800877
362362201077447
2512533562810647
4670908256619893
8570900738874568
1009365288130925
5446825784463095
6217017887778685
4646896322140395
2428786359022719
3042449055205745
3144386670188331
8436235641341774
1527981376769767
1822778123297423
7988197147567604
1031013664326711
3628356238567691
2527318729617429
4670865403586257
524307248876003
1078020225447907
3700924897197085
5229211203209667
307869007549785
7787051308755984
6948226232997076
4140864375951349
3297606465495509
4125515293636245
1830600726906581
2814301293969643
1179678285941471
4727208856619147
6600621335559593
5016692768460085
7027890353607108
1917279845581395
3924658451933467
6028620572240323
1647200453993429
8255034664693398
2420424179667535
1946522802082737
2406888042691673
6086693275102391
1412968798289443
8342954977847362
5057083759762239
2937343503366393
8417584112903790
2701497046960599
5057623236823247
7685799451230572
2847153713981315
2341961083345157
2229094138681813
331208002036417
8642188429986874
5011805101371963
5574241547559289
4068473127373693
2992127298662005
3272256728050129
2608273777284539
7354026505147198
1961200906815487
5111811186895685
6492654153785255
115270720600113
6433751051600651
308759994864645
7979186011028002
8851636489421554
2948563521602991
4771565007289263
7803411552313772
1383578295983075
8084386426333046
4653885570214077
3731147841654317
7261729292362706
7170698846864618
3313155613042509
6914592445605674
4216788103000169
3743451333647083
3431527826502919
8735154953275562
8970174115992090
4168677618378269
8520526320696972
3570896929942331
93170145582013
5648808612198067
5072835344732791
1956593122743989
7716771330443982
883271365792735
435365035648137
3902353032609567
350110267989385
2351418753117787
8738378072911750
6133821051625185
1598698936800295
7962663324211088
6064469155364679
4511456440148741
3935264205527049
5274654007771189
160349247927659
3980556384614743
4007240990178511
1605148148785519
8117417505520752
2336425129854403
3483669449589677
6556499158889973
6781030923705590
7769244405090870
7640002433016882
417866962319489
5782595207764271
2134471777939877
3240566744200783
2936636691575785
3508946881736081
4775459607764057
8120823516108542
5023465463132357
8039361816856324
1982620087732503
3443477194993379
6922188538466684
3398313426070009
7592485631416170
6098586317080845
7323431455840564
5070881237486909
6138516683584893
6302913430332701
4773694539060601
8128768858621754
3574967565066955
6473916681743681
3328920738830259
3810172576798825
2837645309443743
3840215573641345
5284618910807623
7413607890986724
2812851405649023
2479722667732633
4097160921765499
1078712357077387
8699484967345888
8369810074449882
1152999072904671
6649569793213951
3473027306507877
2233641354862727
3012654913912829
4722330970083175
6165903894192645
448383707926169
1928565020215603
1195170201536323
5358337221977021
3206970501450157
879086764910065
3337016329350407
946900590954849
5611114237762399
3529779532290663
5862019229814063
6449279330102633
5312969455785365
2989507115026083
2836792814232381
7156490674432328
5592309818288595
4868558268445915
6643876537835203
2227156328876675
7078681865137792
343440980381209
403413941128605
6993418151451822
4158898160122765
4128424862374081
8604417175288892
6308558263304997
1074228360235247
3278575126022815
8253601938551150
6679988314975093
6537121226211569
4627380614100441
175536155647091
652360890549069
4889116470317917
2528304800146223
7721230624798160
3387258420195153
3121724947665783
1563189671978543
8710213408423682
2430639562359585
5951701694389943
1547057197516485
8636455474314642
8192591192522728
6333833094367523
5258636319869209
2783489318962089
3445165302034513
6634490087801931
4361127344255393
7846952364276112
930590039976991
5798751773807137
8428220883816614
1686670241163977
2099542144519383
6771045815863814
2450327958122601
2019090738358849
8690155510344776
4163234430640053
8969476022001500
750818773419543
467929195739025
2848734578145873
2149188759548593
8827392533848970
849634356531467
2255693890101521
4431720279484473
548214109378291
4948910419044993
3583159239056957
2803698235123083
2387606012160613
1029576872974787
2146802761261945
3703282723113959
8044437891045172
5734010958092737
3684441368739395
1105831005936695
6407406152411799
5473861723927459
3678390832493175
2090058256891841
3577437620164267
4131044157451291
3429465179645021
440829675191817
3176235376476109
2674429961467719
1031826332016607
7858433933614238
7725830231923622
4368245333693037
3518146492121909
5799688980991167
8038387435506486
4936774409460239
5324132673272381
6874273256330402
6981725834029518
1273684752762825
2012130929857111
3217483773904999
7318253498797296
8347418624994492
482902419383645
8442182127110922
2258891452374351
2153228229244433
831755754420593
3011644448624899
8715886392471782
2815923816294393
7439374619106326
6506942312457291
970150229397613
8840403226430756
7519830577619814
4670775361546197
5147920005929003
5158700881593833
6890617093237528
7346701399084516
358062829561003
8004818951467988
4222262208418093
1759525819667251
5134558019796953
7777492869069898
176346782632089
8315251295651276
6161883518634685
7226412145842944
7332221804905528
475803011772691
4612000133624397
895072967445913
5116413076845577
1755873853357783
2914407453295139
1328936893148491
4118236540374323
3042861811145829
5721678921671951
5228911127835987
2978729337958897
4848150185728645
4721387421325839
1084192414386899
894188035900139
1114724568859875
1067326365347715
8453185036384512
6376903396844955
7851127048911978
2098053095753209
4052958743029565
3688349250683067
2733490401463655
2822589230586445
699038205648205
6938711865553406
4850904250289019
3715574446142647
8987349115234866
637267379749879
6746241658844807
2018716691610893
1759240859964753
4562181351943831
3879998154319077
3995446035663
4191604703349659
6872344212281694
6127364767364427
2250096092827545
1979174426548047
3875242119092109
786352560515689
5647266588144605
8230176729787422
6429728749483883
5664051231326397
6398963554675211
8737671124120762
8235380353444228
2136323452006353
3864815655086529
3245651117951067
2865173381302365
8834266694138822
5956203723872163
8659316861266624
7021705097790160
1893727753275315
1593949072841081
1007248739784245
1661775734634647
8852924923959816
5863971311441939
5975103883137495
3818588766290289
1984902336129605
3236388377703615
1948252937493065
6183731502372839
4106721042824761
5107339237438135
1426788202845829
500633611165517
5517748122414795
997137372807305
149437466782227
5433660108555693
500166507809479
2201538048422175
6656982868147735
7016084846874020
3816880645324647
6426647590573861
3453333132984329
4126883498128581
7747774511417264
3138728862307475
1113118228946089
8581711945191770
7623161023374644
7948889197082456
6588098165656391
8047932275988080
4105951105123323
4138981818189335
108971890375229
5064667305770179
1121514095888259
3371650981543605
2512069425998415
6543618015268717
5465698500162317
3399857995766173
5566213107644731
8499566107122110
4616956637077409
1056848050875963
5439507363560043
3119485083848113
4936026525915177
4480005593971343
8286474808372302
7563469007758344
5559070064698611
5088159098105
8554797944681382
3570493892628343
5428083972966945
7204137167915480
2606754252715409
9003080928495480
3548790093601399
8227022389851178
1040734525415267
3853520625510493
4694541624589109
3821451908155581
4799142377567023
7627292025350112
1237431819257555
5065515733658093
7079453264087318
5842837748160255
8792397323235728
6328975332709811
4006792929835217
3941267229697849
1053913952537893
4494877548091513
4360537354262381
5799980030123909
8461419275147436
4200949072677399
3096800595412469
6971121857477116
1458017748489807
5443308492944911
4918325844776987
6239218750213109
7626813261752186
6020757614010677
5680625006249765
918109479077099
1741869316890215
5694963925550907
5147529163458043
7929472701126250
8512379972395040
1623805709987519
5974974293898497
6101192375963015
3504435738604575
1330555690804987
1146744336664977
4723241513172933
8910610093445636
2957749743004263
1669387052367847
2513370266744419
1272175847672071
8702348224019854
5163646182679961
123626864408373
7131968940871746
5675536585154949
1715022745924473
5394117171113167
1900606447912305
7638461045491806
3879899386403933
154329638391499
8504658719668056
2601573805072723
1735210644302019
4964438582181673
1016696353365725
5928510769692131
8781978905761806
392251780002527
8795099991385228
6123719514015427
7119812341193320
8070488120979882
1992101635578177
830657180704115
1675019324389191
6541906143602845
5485206273922511
4160584921922221
6944366408948878
2873550014993681
5332517556096993
4294854480551925
5096009486256395
4647567662517731
7952714118455964
7035644898541748
590059199730829
3066853678278967
2246715613848943
2874004866496949
8805729142692250
4255701686417575
5344687205579989
8104505357983930
548815485947409
1693973709068441
5095781613902407
1318455501072915
3250224863179827
1441412286144945
2832579694807933
7264429153976926
2086223349879007
5946072165552879
1051103658609491
1526896918871979
4457498988466563
7378510600544228
5490235592765657
5545362669235109
3934208886452571
3990368613963021
318534079901693
3457608846475603
8557960353215104
569858966067919
6491729429750803
1183942719779345
6688426288418953
5185302215810941
842858058935055
8942430586853342
3888715385371241
3559418930108187
4275816576579949
5015263884118771
7411109326238688
7303003010958012
6557007900632741
1783924907703555
8321567427635864
3670562194549527
7766206600377372
4522632989852457
3285430657768747
2773432754072413
8739553893900994
7384502522841248
2522257599226115
7357599052423942
5982671340733409
5971267617861815
1180912133236913
2473647958480323
6377673658767091
7573740404698442
8813828916130904
7847239959370740
4180952633181901
6835423381827934
4638505942825273
6185309143434609
2750665749623725
2523832224162255
6489474086362877
3792013721681367
1007854566204897
918801512551831
1890694273623125
8286826584480982
1688745175598393
4140587045886157
4122354884788555
6368448354473639
806793878361211
1306146023652217
5027054659222583
8802633772965388
4381299304784021
540523190937225
8425707275028470
182205248806833
961841785595515
173051686123133
8519592747069340
7912826788474928
5894457948864681
5679148675852553
131991893999863
1523889102267377
242537754697201
2519924475654827
3903441627567477
9005488021653052
4250314790531295
994872688533275
2880944550420917
5607809254963351
4055233103804389
1207424092713961
721552043237473
5561695905513825
536561112573565
6343819973743711
6140733620950951
7643110784126946
3923056665714985
5550973566987469
4339499451305801
1176843316802269
212459550392391
4047111777727251
2120888352161915
8123737760492924
8729916874627236
7988822610098770
7541384821149526
3762030008661451
2948770199419773
4398364155008455
6608816973292893
4395732821911789
552370025702921
1563932506446365
7461372650212568
4970463544241797
4127550794169493
1023698695931455
5073779980315007
4318947142213059
7070413956441578
2521326274229337
7256934775254208
2457209588963325
7736257627719724
502466590683465
4405844655252597
2976087128907087
7644671311227766
1749479391028937
7148218700537594
4747769533996191
3741193164540927
543613659658993
3203558401711613
8911453478373720
6293004268358637
4028551266495243
344030846793407
149888473072311
4911838880511763
8557138649170700
879513945481453
4767155329247963
7413800340475012
8677586650909314
4461823860958509
722214373649867
7216062504411504
2638414036905935
7089943403135568
8973095650983520
7015780202787112
3022313501908231
5028458601004381
4639414846314463
1762925996448081
49028447711507
31251056183049
1331468704093853
4142966608580067
7154202692140572
5274360758785665
2337671800284079
6389259886837175
6863865826183244
1954569996636985
6703655998398307
3647230411302059
1994062649691643
4840456894153381
8631851558917946
1640693934184977
2015394094622785
7347447302349958
8590081010048460
1020171846399261
7833473554258242
3082316727923037
3535933891289603
3667056591711935
5977334077906303
2658342963362191
8636947629980064
5120153890199529
1196924146331719
4532244970252255
3801181289427441
2319524839897207
7933927696243272
1783635148102519
4981564268165067
5225527016104623
3847282879500665
2425321246869833
3786157385098223
1373968658490187
5147332130696235
5090142598961945
6063145393191619
3164543973107879
905251917162825
7148091720715400
8272778911876600
6843869710344318
8211971503755368
885438730364015
4136138630338109
5177450675375867
7348783708266008
1152712185889385
658006427630551
5928485265001569
3559914445124045
2429685787272699
3388216137719523
1707898187788353
2382655126725753
2321506226467749
8394594193780366
6411149394735731
7847422865740600
2219506163513475
4368489998059327
6431078387837263
4954601474013837
5488226636106345
3145200194470681
6237658349613945
2117976871911987
6651784731201947
3895462377424995
6167613844758449
7030927474771870
1127219430712549
4656651653188311
2549419989720505
8417616416005210
2556740577767395
7852709360993360
2540552904954097
1161167716635347
4072440113286935
2381617305738095
1024794481971379
7412736505185648
7893772149759112
4370782384994455
8689084619738524
120652645166883
1664950353409111
1480030711732007
8981243695360484
7841443066074930
6647496314471663
708778372206749
4225912502555419
4360298004312257
903306698197427
4671386707814851
4735649065313057
4781827090778643
8118132313674602
316758454603815
1185376574395789
5540880947490623
2753268891989631
6240564932183953
4041117353478881
1995269434490705
5254053947492501
2114943758315085
2429238849735585
8255764815812130
7939395998542500
1113502059050105
8543077937912508
4775060423362981
2340455118825813
1707052445904735
5547557812581839
4640023538356931
8984037435765528
8175437607145404
2475153537414155
3214994566553475
3273813897789503
4772906407991383
4721535478603295
3883231921385121
8541521746119854
6275590073607001
3569548789240845
5303231131567155
5931378299847347
429252928592481
2709503965366867
92559618938833
1381821649687311
6623726583129349
153285298978607
2890256320578957
3173478695588123
7089494484359178
5748867097795547
8925937803291384
619940198604803
2444320408993441
4889512466521321
6407838543651629
8901050053025442
1228655002631581
1593916076109909
6411652451636019
900282365535535
8486410901994866
6628917053656813
7133836540090192
1775020027149815
6489219029835107
1732705560989943
857683105181537
399796925282607
907812110656617
5946825245394429
857765688865587
35411263726931
2397801492169741
8433499346523594
1095089349043041
5509926407383601
8110046030236892
5075630499965973
8887094347829654
2140501337137019
7855266308732672
385189324925891
824940718513251
6376747911668269
5544192944524405
6874596453797264
4223054702677351
966537747256863
1296301181062303
1734096454132931
1073297372613933
8200651633141470
7898254882313202
1604429351471365
6335566637039781
1131396917498175
2480809498051019
3485514397953027
6245633770462745
8624914856585254
2175176507225351
1836593583880811
4184870646516643
3289211428637301
7836973148147260
4400404484116449
3758558308739129
5164490287081867
590395853029993
1564824308016663
5180265778421385
8621522559851162
8876205208422198
8784737062936742
6772372363969602
4547630349509105
131423566568401
5135507368770973
6141375743511015
8215506119645176
1991515129253245
8832683203662172
3129091258523769
2582317975278471
687679157655569
7990120014491472
7968637684196528
3649265483919151
6870700213426966
3323564859753713
8731503020917854
2243145884850191
5329291189663899
5339727477886765
7378564116003372
1725097941534989
1640598268130757
2985601241517257
6881825576094056
6850095054885204
8988434513541870
7997538737257674
7708759799648118
7806141599289206
6464901060338685
4398702114853477
1890195044195293
8881464871052180
8600235168633310
4706535190990683
8365619895317306
8413338968813548
886731138502927
6860560220614274
539487226802853
3245546583094739
7059059527033260
6098007203406801
3263694703305047
7361210095225684
5681629893765297
2874151825459683
3248246280980777
4876102686113531
8473207321388896
4483109453222589
3556597098901521
8656814690689170
1168431968599917
1603046045432507
7045820711511880
1710761517397193
4106055347396123
7111040442098828
2527969417838745
1102498395316115
7317767460040456
7307097501406506
4170791405899571
6323040186796515
2466969037454629
2750600898275007
4602478249381115
1346930804610391
2508448959240369
6408716609185749
728013738100295
6635795084594891
4737098606476453
2046975572001145
3218016411221329
8043415802678550
4201774877427685
8702966738041550
1899843035725037
2367805835755941
565927457426899
3429425673835053
7678057397948146
813076124222531
6198684011523279
8022220792555686
2278049476970247
3613263574246101
829748963879941
1151962631477313
979953845890771
6796086804254982
5625485373902767
7857371012853730
2469497721624055
2090555592131661
3984541601639521
4107252268521983
7067609315037462
4916324747554109
6179714869015611
3795369292667441
1125616084493149
6330258871558041
1370653514371983
7291518617073080
2107672026132701
4037985392932129
6031566928685275
3993855895573265
702318236768841
1189963090248179
1474796098884339
7183629417402932
5112827916079283
1013770440066645
168352562284367
1872621516001095
33006609474627
4413721329760347
6948790867913590
5453403950969587
6236237864930941
